-0.825194 -0.281484 3.374946, -0.847702 -0.247598 3.394229, -0.903320 -0.055778 3.360151, -0.936604 0.175921 3.406939, -1.007054 -0.011417 3.300759, -0.974048 0.116490 3.136187, -0.898990 -0.095629 3.119025, -0.914227 -0.151780 3.110783, -0.802938 -0.045674 3.390804, -0.809413 -0.200893 3.231036, -0.824012 -0.174818 3.041519, -0.849508 -0.114458 3.002802, -0.848703 -0.328831 3.350986, -1.039857 -0.751088 3.455697, -1.064092 -1.036203 3.477472, -1.044220 -1.093763 3.431749, -0.772456 -0.326731 3.404607, -0.764189 -0.719494 3.204834, -0.636786 -0.964070 3.031698, -0.700782 -1.037184 3.031433, 

-0.850308 -0.309699 3.403008, -0.871069 -0.280008 3.421376, -0.924303 -0.113923 3.383190, -0.966810 0.131920 3.429243, -1.026317 -0.075923 3.335481, -1.023282 0.098535 3.190684, -0.944571 -0.108375 3.152258, -0.984653 -0.144583 3.149999, -0.867077 -0.053453 3.391509, -0.870118 -0.229017 3.191965, -0.931486 -0.273838 2.948555, -0.955026 -0.207891 2.928196, -0.863875 -0.346882 3.377768, -1.056301 -0.754216 3.465353, -1.064354 -1.047268 3.478468, -1.047041 -1.104257 3.431471, -0.807008 -0.353560 3.432369, -0.836067 -0.717019 3.232937, -0.681692 -0.945547 3.056262, -0.720822 -1.035529 3.041195, 

-0.867063 -0.311864 3.427594, -0.885158 -0.285727 3.440963, -0.938263 -0.133668 3.402590, -0.985469 0.116543 3.457635, -1.036857 -0.095174 3.353659, -1.049806 0.094114 3.216354, -0.963731 -0.109850 3.176566, -0.947388 -0.154382 3.187633, -0.879827 -0.032178 3.444202, -0.890741 -0.193847 3.260371, -0.979008 -0.277962 3.018538, -1.016721 -0.234472 2.957845, -0.867884 -0.351563 3.395027, -1.070594 -0.757216 3.478414, -1.061634 -1.049026 3.476676, -1.048903 -1.106352 3.430009, -0.826676 -0.359050 3.460232, -0.919347 -0.701750 3.273762, -0.720365 -0.929693 3.083247, -0.757468 -1.024123 3.073880, 

-0.891263 -0.225282 3.469537, -0.913244 -0.194623 3.478647, -0.977892 -0.027534 3.435921, -1.019087 0.217432 3.490239, -1.075785 -0.029201 3.389334, -1.073874 0.103178 3.237361, -0.981395 -0.097701 3.200263, -0.961727 -0.145536 3.216810, -0.897648 0.022537 3.490555, -0.922603 -0.134465 3.302033, -0.979037 -0.267740 3.075900, -1.000039 -0.287990 3.012236, -0.892559 -0.278658 3.434160, -1.097730 -0.627063 3.560131, -1.060236 -0.951409 3.487265, -1.024291 -0.970473 3.419877, -0.839610 -0.283684 3.515383, -0.989038 -0.691280 3.322682, -0.779708 -0.921914 3.134922, -0.804128 -1.005789 3.122504, 

-0.910913 -0.209187 3.510868, -0.936175 -0.177880 3.514952, -1.027487 -0.009942 3.466307, -1.058905 0.213921 3.510341, -1.127981 0.021177 3.419070, -1.091244 0.108700 3.255359, -1.016759 -0.089479 3.236509, -0.992693 -0.143514 3.231128, -0.914563 0.045741 3.540543, -0.942897 -0.135318 3.350052, -0.996452 -0.292292 3.136207, -1.022471 -0.298147 3.062095, -0.910011 -0.264088 3.481112, -1.137583 -0.538554 3.639844, -1.066926 -0.895371 3.492642, -1.030416 -0.914509 3.421605, -0.849711 -0.263113 3.559078, -1.041215 -0.685791 3.387626, -0.841461 -0.908195 3.193026, -0.809168 -0.938117 3.137845, 

-0.925238 -0.208318 3.535587, -0.951405 -0.179998 3.538461, -1.023027 -0.035677 3.487582, -1.067559 0.203440 3.516901, -1.138201 0.018374 3.436254, -1.088116 0.085373 3.276631, -1.029577 -0.136558 3.268220, -0.998562 -0.189951 3.274544, -0.922545 0.070308 3.598311, -0.967005 -0.120896 3.426711, -0.988973 -0.312654 3.273676, -0.997139 -0.365468 3.225211, -0.932363 -0.275766 3.510624, -1.145199 -0.599294 3.669681, -1.044604 -0.922977 3.417601, -0.995399 -0.929483 3.342918, -0.862872 -0.264691 3.592831, -1.054981 -0.678294 3.480897, -0.917185 -0.904255 3.262876, -0.858168 -0.908687 3.188913, 

-0.940172 -0.200637 3.569781, -0.959892 -0.177661 3.572986, -0.990235 -0.065969 3.544682, -1.056872 0.176429 3.557426, -1.106788 -0.019266 3.489343, -1.173198 0.042991 3.381449, -1.088302 -0.162057 3.331618, -1.035473 -0.184885 3.350248, -0.927427 0.087747 3.642721, -0.988343 -0.098259 3.500653, -1.002968 -0.298650 3.374494, -1.010802 -0.377928 3.326453, -0.942695 -0.281050 3.522995, -1.147017 -0.678914 3.723085, -1.024640 -0.922121 3.388143, -1.008998 -1.024899 3.388097, -0.888480 -0.269710 3.640872, -1.060159 -0.674256 3.561919, -0.980425 -0.900375 3.356487, -0.979216 -0.966753 3.349670, 

-0.976331 -0.209357 3.594215, -0.994603 -0.187884 3.595365, -1.036391 -0.077388 3.560790, -1.093292 0.161381 3.569272, -1.127845 -0.035046 3.505440, -1.238108 0.052628 3.421327, -1.130878 -0.151766 3.365239, -1.107832 -0.184703 3.381057, -0.952638 0.059436 3.646908, -1.005965 -0.136200 3.522658, -1.020123 -0.324702 3.383028, -1.018417 -0.419331 3.381074, -0.976313 -0.297856 3.537437, -1.045852 -0.715835 3.558547, -1.027686 -1.006427 3.409546, -0.988620 -1.032616 3.352644, -0.906955 -0.282684 3.678531, -1.051529 -0.677764 3.571814, -1.040555 -1.014084 3.450506, -1.049354 -1.063611 3.405483, 

-0.995439 -0.219453 3.608287, -1.009341 -0.192893 3.607260, -1.059089 -0.051852 3.578772, -1.111262 0.174449 3.591095, -1.143840 -0.025876 3.520738, -1.292982 0.052164 3.419045, -1.156244 0.086148 3.368011, -1.114167 0.121633 3.361286, -1.001687 0.017719 3.610017, -1.034142 -0.155199 3.551946, -1.040253 -0.366779 3.466429, -1.032297 -0.468398 3.473401, -1.007622 -0.304048 3.556310, -1.040014 -0.802911 3.546707, -1.189250 -0.866667 3.628763, -1.160035 -0.909107 3.597151, -0.932077 -0.292306 3.692402, -1.046461 -0.679818 3.578544, -1.049164 -1.047983 3.471319, -1.084073 -1.089398 3.448246, 

-1.017240 -0.213615 3.625204, -1.028598 -0.186154 3.624957, -1.069317 -0.044346 3.593134, -1.122502 0.179787 3.605479, -1.154700 -0.021392 3.534344, -1.318746 0.047854 3.442739, -1.181751 0.162569 3.387810, -1.138650 0.201845 3.375479, -1.028731 -0.000321 3.613942, -1.042596 -0.167250 3.578521, -1.053282 -0.372942 3.503807, -1.040250 -0.480537 3.511910, -1.026335 -0.297093 3.566239, -1.017597 -0.836461 3.501487, -1.227507 -0.840938 3.681167, -1.177458 -0.904748 3.622006, -0.958232 -0.293571 3.706542, -1.047892 -0.682854 3.584200, -1.044318 -1.060530 3.474518, -1.054574 -1.110669 3.422488, 

-1.073997 -0.209125 3.625658, -1.085825 -0.188857 3.626760, -1.133058 -0.083010 3.598549, -1.169639 0.154130 3.621272, -1.226657 -0.057326 3.543124, -1.286267 0.069699 3.478650, -1.185150 0.221187 3.395619, -1.142706 0.273061 3.371338, -1.054059 -0.008352 3.614244, -1.056315 -0.169429 3.598893, -1.063844 -0.335224 3.537204, -1.081116 -0.367252 3.484525, -1.068009 -0.290652 3.559492, -1.007831 -0.855481 3.485180, -1.271679 -0.803465 3.738745, -1.213039 -0.867647 3.666586, -0.975691 -0.293593 3.712971, -1.049807 -0.684904 3.587534, -1.025654 -1.030584 3.503649, -1.047414 -1.100383 3.441477, 

-1.103587 -0.227912 3.653881, -1.121995 -0.203093 3.651229, -1.199201 -0.075970 3.606128, -1.234485 0.143221 3.621944, -1.298188 -0.048084 3.552790, -1.275010 0.103455 3.544447, -1.191630 0.250223 3.403046, -1.150344 0.274715 3.367568, -1.078276 -0.007106 3.651639, -1.065773 -0.163749 3.633581, -1.079827 -0.329070 3.583797, -1.098047 -0.379957 3.538908, -1.112392 -0.286049 3.629554, -1.029687 -0.816384 3.510143, -1.290698 -0.783801 3.765694, -1.217129 -0.848170 3.675877, -0.992900 -0.292767 3.709459, -1.050718 -0.686874 3.583705, -1.030667 -1.052781 3.482953, -1.003663 -1.085557 3.400778, 

-1.063909 -0.371521 3.657437, -1.082543 -0.340980 3.656627, -1.155632 -0.185530 3.623716, -1.247203 0.048096 3.634179, -1.287727 -0.132748 3.572649, -1.278427 0.065301 3.564716, -1.200474 0.239948 3.431721, -1.166088 0.281908 3.400598, -1.038111 -0.097125 3.693698, -1.111574 -0.192567 3.718515, -1.089818 -0.356292 3.622318, -1.111043 -0.392235 3.551353, -1.097607 -0.439529 3.665563, -1.023805 -0.844004 3.496836, -1.275106 -0.796107 3.757405, -1.202238 -0.870589 3.667570, -0.973171 -0.400078 3.666744, -1.081008 -0.743802 3.565334, -1.045275 -1.104378 3.457745, -1.005499 -1.094819 3.404606, 

-1.136105 -0.313753 3.671701, -1.152078 -0.296395 3.668439, -1.219053 -0.194602 3.627903, -1.284251 0.038523 3.641021, -1.310680 -0.154603 3.577559, -1.284472 0.055515 3.587124, -1.210095 0.224682 3.459389, -1.180506 0.272338 3.427425, -1.049457 -0.120798 3.707316, -1.108155 -0.236654 3.772502, -1.089646 -0.395889 3.626750, -1.119129 -0.407085 3.559331, -1.147717 -0.408802 3.626144, -1.046408 -0.812540 3.546350, -1.279781 -0.874773 3.724377, -1.219511 -0.915746 3.660882, -1.012770 -0.371203 3.776945, -1.084698 -0.736498 3.573081, -1.033533 -1.078772 3.448803, -1.000911 -1.094522 3.400145, 

-1.160357 -0.368744 3.695229, -1.176250 -0.345134 3.690858, -1.237075 -0.224618 3.646998, -1.300544 0.019685 3.655165, -1.327486 -0.177838 3.590328, -1.292964 0.029595 3.611151, -1.220442 0.172842 3.507523, -1.193443 0.218078 3.476058, -1.063550 -0.146910 3.727801, -1.130766 -0.288156 3.780503, -1.107952 -0.439226 3.687626, -1.142517 -0.438701 3.623769, -1.186516 -0.478997 3.774964, -1.061350 -0.794708 3.574322, -1.287635 -0.873098 3.734368, -1.222531 -0.921375 3.661882, -1.033632 -0.426912 3.647177, -1.116874 -0.781756 3.602219, -1.047012 -1.112954 3.456501, -1.003184 -1.094078 3.399096, 

-1.295466 -0.012395 3.671951, -1.300823 -0.007623 3.660823, -1.323004 -0.020039 3.619533, -1.380355 0.178469 3.645517, -1.413811 -0.026139 3.573939, -1.378463 0.162514 3.593855, -1.296478 0.286666 3.503885, -1.269088 0.327184 3.474892, -1.162353 0.014134 3.710346, -1.225551 -0.129598 3.738842, -1.111566 -0.056988 3.766707, -1.074181 -0.040329 3.783935, -1.261480 -0.025114 3.665653, -1.266039 -0.408322 3.523410, -1.238429 -0.739876 3.624569, -1.193942 -0.827654 3.592868, -1.207101 0.043483 3.893058, -1.158693 -0.445854 3.737744, -1.053841 -1.067969 3.477862, -1.023603 -1.081514 3.415325, 

-1.302608 -0.004141 3.509873, -1.322576 -0.005838 3.544351, -1.401709 -0.001918 3.669391, -1.466931 0.241282 3.690071, -1.502632 0.034035 3.615666, -1.468005 0.223872 3.634316, -1.386006 0.349157 3.546508, -1.359608 0.390808 3.517342, -1.250672 0.067791 3.755432, -1.312408 -0.084235 3.778952, -1.169414 -0.029271 3.850717, -1.127506 -0.000889 3.875814, -1.291841 0.027762 3.449314, -1.368726 -0.178735 3.665807, -1.277004 -0.523713 3.746123, -1.252243 -0.596174 3.763421, -1.239009 -0.044786 3.471290, -1.203467 -0.531816 3.539823, -1.122729 -0.386245 3.483692, -1.120902 -0.301689 3.470971, 

-1.371773 0.079822 3.468848, -1.387385 0.070058 3.502645, -1.471251 0.052132 3.691284, -1.532539 0.290706 3.713603, -1.572211 0.082952 3.637681, -1.543288 0.266638 3.652194, -1.454834 0.386888 3.565096, -1.426973 0.427469 3.536577, -1.329096 0.119844 3.776278, -1.384643 -0.033763 3.787117, -1.223583 0.052300 3.887177, -1.168145 0.062600 3.915635, -1.353928 0.066392 3.413252, -1.507313 -0.128771 3.672409, -1.360458 -0.480614 3.729940, -1.339978 -0.560552 3.763104, -1.333542 0.101167 3.446306, -1.342358 -0.417569 3.491318, -1.251480 -0.193815 3.481617, -1.256522 -0.109528 3.481079, 

-1.410549 0.063177 3.513189, -1.424565 0.054213 3.549862, -1.505898 0.045820 3.756195, -1.583528 0.304692 3.771853, -1.624456 0.096837 3.695219, -1.599054 0.276203 3.704532, -1.508566 0.395977 3.615173, -1.480241 0.436428 3.587240, -1.383641 0.134305 3.829801, -1.434973 -0.017255 3.831169, -1.268044 0.055955 3.938011, -1.211202 0.065399 3.975757, -1.400902 0.048754 3.451047, -1.558736 -0.181729 3.696440, -1.436671 -0.513142 3.756636, -1.422772 -0.592633 3.797319, -1.382572 0.086144 3.472784, -1.454177 -0.382897 3.462452, -1.381472 -0.237935 3.515097, -1.387548 -0.153794 3.524867, 

-1.564085 0.134545 3.809995, -1.567744 0.160905 3.805459, -1.586042 0.292701 3.789559, -1.562627 0.435201 3.806919, -1.652429 0.222975 3.709953, -1.748352 0.204188 3.656654, -1.771424 0.079973 3.581684, -1.784519 0.094677 3.530165, -1.526985 0.198740 3.836051, -1.518696 0.054826 3.826223, -1.467760 0.146760 3.838185, -1.450782 0.177405 3.844021, -1.586136 0.095533 3.779448, -1.826666 0.068803 3.574473, -1.695775 -0.077357 3.483029, -1.651878 -0.085791 3.443080, -1.529687 0.084627 3.848915, -1.828152 0.068413 3.573909, -1.616091 0.104674 3.752908, -1.656929 0.086034 3.700584, 

-1.573375 0.179515 3.782026, -1.573527 0.196531 3.779796, -1.577226 0.284383 3.780609, -1.537227 0.423358 3.791434, -1.644064 0.215599 3.697933, -1.745032 0.208108 3.658840, -1.756432 0.086323 3.578710, -1.770125 0.086938 3.525981, -1.512842 0.194107 3.835528, -1.486731 0.056021 3.841997, -1.463023 0.159119 3.848430, -1.455120 0.193485 3.852680, -1.606349 0.138794 3.744517, -1.823332 0.103003 3.565433, -1.765947 -0.073417 3.472945, -1.743312 -0.030609 3.462348, -1.545645 0.129146 3.814255, -1.790870 0.112678 3.594342, -1.572643 0.122008 3.765156, -1.612711 0.098937 3.713116, 

-1.560780 0.108123 3.719651, -1.570436 0.142055 3.738907, -1.552136 0.278765 3.749084, -1.505517 0.414639 3.766775, -1.619501 0.199395 3.665271, -1.681245 0.143567 3.630867, -1.723449 0.071310 3.526695, -1.725970 0.043350 3.498946, -1.453749 0.182672 3.806103, -1.438421 0.048145 3.802018, -1.427260 0.147788 3.819687, -1.433037 0.185391 3.835551, -1.604547 0.072882 3.701997, -1.767807 0.080509 3.503582, -1.830884 -0.080605 3.416628, -1.793692 -0.033348 3.443554, -1.525302 0.059579 3.721752, -1.469962 0.327264 3.790854, -1.437785 0.124201 3.788610, -1.486320 0.103637 3.741607, 

-1.536904 0.106910 3.677600, -1.548609 0.133219 3.701533, -1.509909 0.275809 3.711008, -1.462012 0.418019 3.734564, -1.582634 0.191658 3.627302, -1.612334 0.099020 3.598914, -1.680939 0.057874 3.489409, -1.692593 0.018037 3.459871, -1.408342 0.184663 3.769837, -1.401919 0.050697 3.767519, -1.409066 0.144218 3.731861, -1.417249 0.178270 3.729956, -1.586789 0.049259 3.626685, -1.751329 0.088194 3.461103, -1.883598 0.002241 3.511776, -1.835662 0.014016 3.507348, -1.510807 0.044884 3.697793, -1.390916 0.366718 3.800985, -1.364151 0.116119 3.765393, -1.414408 0.096238 3.722301, 

-1.480213 0.133115 3.649139, -1.493322 0.154054 3.675144, -1.456860 0.277076 3.671217, -1.406172 0.418499 3.692172, -1.560772 0.193411 3.606682, -1.577996 0.110461 3.535047, -1.655022 0.078563 3.443371, -1.673753 0.031149 3.415869, -1.355523 0.179786 3.719454, -1.354912 0.052976 3.715059, -1.341990 0.157280 3.680147, -1.320403 0.164217 3.650835, -1.531021 0.072528 3.590477, -1.711981 0.075871 3.450341, -1.683553 -0.064100 3.396340, -1.682291 -0.058204 3.370673, -1.443210 0.062540 3.691556, -1.283213 0.415602 3.805604, -1.456083 0.217348 3.641029, -1.452783 0.203265 3.587417, 

-1.420864 0.155718 3.611606, -1.432135 0.175404 3.639815, -1.405852 0.288721 3.630749, -1.345592 0.429362 3.648587, -1.519365 0.200347 3.569903, -1.545106 0.237351 3.546945, -1.602947 0.156491 3.439289, -1.624108 0.112354 3.403910, -1.290944 0.166013 3.661601, -1.295777 0.052142 3.647605, -1.324388 0.159103 3.584715, -1.323974 0.176383 3.551790, -1.476916 0.087948 3.542352, -1.673148 0.093836 3.439515, -1.711454 -0.013812 3.352182, -1.686851 -0.023884 3.296169, -1.377818 0.070082 3.654937, -1.599881 0.104446 3.497264, -1.564016 0.038333 3.358843, -1.566872 0.016991 3.277509, 

-1.380072 0.153892 3.560063, -1.391274 0.173289 3.588812, -1.361290 0.295568 3.600563, -1.296411 0.435921 3.605737, -1.460749 0.215359 3.522202, -1.528858 0.188865 3.484318, -1.581346 0.060784 3.405970, -1.605521 0.033963 3.363529, -1.250442 0.178990 3.639156, -1.250720 0.053085 3.578314, -1.314263 0.149336 3.488918, -1.329655 0.172123 3.453623, -1.436628 0.088433 3.479216, -1.577710 0.241436 3.475593, -1.645409 0.019570 3.359277, -1.628686 -0.003821 3.287006, -1.341036 0.071537 3.599991, -1.592205 0.088037 3.456789, -1.511980 0.049100 3.265947, -1.467893 0.056998 3.215178, 

-1.332429 0.205586 3.546059, -1.342897 0.214687 3.567675, -1.330342 0.307811 3.578083, -1.274321 0.440578 3.587593, -1.401461 0.220540 3.482654, -1.519178 0.211124 3.449246, -1.541533 0.066334 3.369572, -1.570462 0.029694 3.325719, -1.203821 0.179426 3.585768, -1.223191 0.035615 3.530253, -1.276952 0.168174 3.467090, -1.301910 0.195371 3.420189, -1.378742 0.145498 3.468247, -1.573033 0.098571 3.396288, -1.665398 -0.053413 3.299610, -1.654846 -0.071328 3.229155, -1.289795 0.125397 3.587691, -1.575628 0.045682 3.373585, -1.475870 0.000952 3.187447, -1.427348 0.014279 3.133258, 

-1.314319 0.131691 3.507996, -1.319444 0.164922 3.532174, -1.289651 0.323123 3.544549, -1.238631 0.467800 3.561949, -1.370981 0.226628 3.459721, -1.503663 0.216154 3.422411, -1.497136 0.056446 3.337875, -1.515531 0.012278 3.310061, -1.162831 0.177390 3.565816, -1.163715 0.051834 3.566499, -1.203456 0.152880 3.487026, -1.229859 0.189940 3.427522, -1.366379 0.081703 3.453051, -1.554787 0.160035 3.368837, -1.661040 -0.039147 3.278684, -1.639865 -0.050440 3.267247, -1.270565 0.061263 3.533229, -1.547585 0.101852 3.377961, -1.564950 -0.033450 3.219537, -1.549675 -0.002655 3.296038, 

-1.258774 0.143328 3.491163, -1.273562 0.171799 3.513460, -1.271085 0.332135 3.523921, -1.208031 0.492449 3.524932, -1.351078 0.230137 3.443911, -1.466328 0.172983 3.365001, -1.467638 0.033076 3.302078, -1.490360 -0.000071 3.293374, -1.134054 0.211083 3.551766, -1.123930 0.095314 3.555049, -1.172668 0.199734 3.495200, -1.184311 0.227031 3.457561, -1.295951 0.096063 3.461690, -1.510140 0.141436 3.350381, -1.446176 -0.010054 3.419953, -1.513269 -0.030010 3.383359, -1.215525 0.079848 3.509137, -1.536095 0.102684 3.346512, -1.562967 -0.045304 3.168766, -1.522267 -0.032562 3.148282, 

-1.220708 0.216288 3.463611, -1.229445 0.238174 3.483782, -1.227653 0.382021 3.479869, -1.166397 0.520323 3.492097, -1.318906 0.329260 3.454341, -1.396672 0.209101 3.370148, -1.443256 0.081890 3.303368, -1.466141 0.022584 3.284373, -1.119684 0.369343 3.534648, -1.102030 0.217710 3.524788, -1.117553 0.169257 3.477456, -1.128444 0.160976 3.466437, -1.248572 0.170229 3.443596, -1.464097 0.124511 3.325230, -1.493513 -0.038283 3.291170, -1.482936 -0.015798 3.333223, -1.186981 0.160933 3.474152, -1.495237 0.101856 3.311764, -1.519088 -0.063919 3.244714, -1.517558 -0.022451 3.264014, 

-1.183824 0.262124 3.429724, -1.192471 0.287848 3.450786, -1.201651 0.431406 3.439526, -1.135365 0.547182 3.464749, -1.274979 0.377394 3.431494, -1.345658 0.232471 3.351305, -1.403752 0.103075 3.290219, -1.428579 0.055260 3.278371, -1.084751 0.453284 3.486685, -1.069314 0.304807 3.502438, -1.056391 0.176582 3.492537, -1.046255 0.141937 3.503287, -1.205431 0.217101 3.417447, -1.430713 0.136267 3.310286, -1.436933 -0.015250 3.257895, -1.416290 -0.011214 3.308204, -1.148969 0.212906 3.435174, -1.458010 0.140977 3.270551, -1.498714 -0.043481 3.217674, -1.502627 0.004230 3.249851, 

-1.150504 0.284150 3.395037, -1.158520 0.308585 3.415434, -1.155445 0.443908 3.404099, -1.120230 0.559190 3.450575, -1.216196 0.445703 3.399454, -1.280888 0.288006 3.337910, -1.361015 0.162058 3.289843, -1.401674 0.133396 3.267776, -1.074859 0.497619 3.460148, -1.051728 0.349073 3.474503, -1.019617 0.177645 3.498334, -1.004927 0.132542 3.516945, -1.171487 0.240029 3.378192, -1.405615 0.153689 3.300820, -1.385859 0.005202 3.220205, -1.360009 0.002673 3.220187, -1.130892 0.237802 3.413375, -1.426906 0.163803 3.256658, -1.469020 -0.026269 3.219982, -1.482423 0.023434 3.256393, 

-1.127759 0.292709 3.375618, -1.138953 0.317210 3.394716, -1.135443 0.451073 3.378313, -1.085132 0.566371 3.417777, -1.172264 0.470680 3.355780, -1.234267 0.320335 3.315057, -1.315655 0.194931 3.265730, -1.379725 0.154921 3.242170, -1.053706 0.466530 3.442971, -1.015706 0.321716 3.436834, -0.973965 0.176167 3.464775, -0.959541 0.127675 3.498158, -1.135765 0.245607 3.339094, -1.366623 0.172281 3.269617, -1.328363 0.013555 3.199080, -1.337648 0.000843 3.196789, -1.096681 0.238443 3.403970, -1.051845 -0.072950 3.447438, -1.010677 -0.310150 3.426002, -0.976609 -0.326082 3.392221, 

-1.084347 0.285792 3.353580, -1.100421 0.310564 3.367415, -1.121079 0.450634 3.350466, -1.054150 0.559158 3.376689, -1.169053 0.399252 3.317984, -1.242423 0.269186 3.281520, -1.300016 0.156600 3.222036, -1.335876 0.133780 3.203520, -1.008673 0.467092 3.432205, -0.989553 0.315863 3.420299, -0.954205 0.175399 3.455513, -0.935195 0.125244 3.488969, -1.095184 0.229415 3.313409, -1.322159 0.145252 3.228921, -1.275908 -0.014675 3.173300, -1.315194 -0.001250 3.176514, -1.037782 0.232524 3.392962, -0.966097 -0.095741 3.429296, -0.920704 -0.365334 3.449118, -0.923345 -0.397821 3.441739, 

-1.042713 0.262917 3.325129, -1.062357 0.292907 3.336264, -1.105098 0.456146 3.318614, -1.034534 0.559018 3.354150, -1.122645 0.421182 3.281648, -1.197042 0.284589 3.248898, -1.259366 0.159252 3.191459, -1.311673 0.137230 3.179485, -0.974891 0.458119 3.388968, -0.947650 0.307125 3.388699, -0.925873 0.156112 3.453887, -0.914990 0.116463 3.487968, -1.062005 0.215070 3.288526, -1.275419 0.132341 3.195749, -1.246695 -0.024891 3.148271, -1.297275 -0.002478 3.155473, -0.989255 0.210671 3.367243, -0.927153 -0.138022 3.412930, -0.877870 -0.372315 3.420785, -0.851655 -0.397484 3.379766, 

-0.999174 0.242025 3.297518, -1.015099 0.271955 3.309262, -1.051031 0.434391 3.296715, -0.999987 0.552370 3.323751, -1.098119 0.383448 3.242953, -1.177837 0.256161 3.206706, -1.238355 0.133545 3.149479, -1.275881 0.108596 3.140630, -0.940236 0.454399 3.339806, -0.922227 0.309605 3.370534, -0.911249 0.157266 3.449390, -0.901035 0.120708 3.483399, -1.023846 0.194688 3.266596, -1.249756 0.196761 3.196620, -1.217605 0.000397 3.115537, -1.267942 -0.008464 3.120043, -0.949041 0.192920 3.328685, -0.883828 -0.142958 3.400138, -0.831246 -0.410313 3.394505, -0.807892 -0.434508 3.345902, 

-0.934028 0.221067 3.254128, -0.948534 0.255821 3.262732, -0.978644 0.435875 3.241755, -0.940745 0.557546 3.272080, -1.035124 0.349134 3.192670, -1.121168 0.228906 3.152043, -1.179561 0.102689 3.091789, -1.216690 0.073498 3.084115, -0.877293 0.450022 3.291223, -0.860763 0.305395 3.324821, -0.861829 0.160316 3.403504, -0.855482 0.128061 3.435619, -0.964046 0.169988 3.220341, -1.209860 0.201546 3.164030, -1.170881 0.023117 3.061448, -1.208586 -0.010221 3.052344, -0.884146 0.167688 3.292229, -0.806534 -0.176315 3.356554, -0.766703 -0.434188 3.350707, -0.778430 -0.477948 3.355880, 

-0.880959 0.201179 3.216120, -0.892025 0.236710 3.221842, -0.910632 0.416484 3.196897, -0.897719 0.545769 3.228362, -0.985924 0.340229 3.160319, -1.063999 0.219874 3.105073, -1.118511 0.088618 3.045816, -1.166541 0.037747 3.018620, -0.829100 0.414881 3.258270, -0.808373 0.270685 3.291492, -0.811742 0.131399 3.365651, -0.817790 0.099453 3.369153, -0.912237 0.152496 3.183918, -1.149190 0.191383 3.103055, -1.132480 0.024912 3.005031, -1.153206 -0.026666 2.992810, -0.838715 0.145014 3.256100, -0.772532 -0.188361 3.317825, -0.699356 -0.455243 3.318954, -0.706463 -0.462217 3.269407, 

-0.836475 0.180150 3.178587, -0.847435 0.219136 3.182962, -0.864739 0.415964 3.165642, -0.848533 0.542965 3.194215, -0.939672 0.330315 3.124751, -1.019865 0.212340 3.062869, -1.073018 0.080326 2.999561, -1.138775 0.022040 2.978395, -0.803302 0.395455 3.241996, -0.765135 0.246468 3.260984, -0.766787 0.109143 3.326080, -0.783885 0.079938 3.317466, -0.864015 0.130233 3.143764, -1.090040 0.213439 3.062774, -1.093594 0.049172 2.971577, -1.114515 -0.005662 2.958172, -0.800637 0.121000 3.218469, -0.742302 -0.210447 3.264030, -0.672678 -0.462912 3.293587, -0.641300 -0.497919 3.259124, 

-0.810252 0.191777 3.144128, -0.822218 0.229810 3.153228, -0.838796 0.428193 3.150076, -0.821992 0.551274 3.180635, -0.903289 0.339279 3.098381, -0.973127 0.216836 3.028068, -1.026861 0.084940 2.960758, -1.087453 0.014035 2.936228, -0.769852 0.387039 3.220967, -0.748113 0.267136 3.244693, -0.740750 0.130475 3.303987, -0.762676 0.086716 3.290358, -0.833697 0.139786 3.112412, -1.061841 0.223102 3.038617, -1.068899 0.063370 2.947010, -1.089938 0.008386 2.933149, -0.781064 0.142583 3.173111, -0.716091 -0.180718 3.194393, -0.665199 -0.411233 3.249079, -0.624910 -0.440466 3.215180, 

-0.780705 0.213344 3.106079, -0.791408 0.248911 3.116759, -0.804746 0.437122 3.121120, -0.784383 0.565128 3.159684, -0.867757 0.389203 3.078067, -0.925955 0.259717 3.004941, -0.972773 0.126724 2.933072, -1.004836 0.076976 2.917058, -0.730190 0.420339 3.189185, -0.715040 0.289343 3.216990, -0.700526 0.159948 3.256976, -0.713505 0.114866 3.260426, -0.800230 0.160051 3.073728, -1.026922 0.252957 3.004618, -1.032701 0.099688 2.913132, -1.053557 0.049538 2.900487, -0.752917 0.163212 3.129552, -0.684758 -0.145574 3.169403, -0.653433 -0.403921 3.221022, -0.610986 -0.429808 3.181888, 

-0.756296 0.231306 3.078627, -0.766707 0.267052 3.090978, -0.768643 0.457527 3.095969, -0.749240 0.583454 3.129934, -0.837331 0.410850 3.055819, -0.894199 0.276276 2.983707, -0.925571 0.144959 2.905725, -0.954800 0.097491 2.893066, -0.685535 0.444318 3.175616, -0.674927 0.307744 3.192330, -0.662027 0.169642 3.227012, -0.666845 0.121795 3.243124, -0.777888 0.175260 3.046564, -0.957480 0.166320 2.916864, -0.925150 -0.096387 2.860511, -0.899461 -0.117131 2.821163, -0.730817 0.178221 3.100875, -0.650155 -0.123393 3.126652, -0.631472 -0.400066 3.176189, -0.589275 -0.423647 3.134715, 

-0.733410 0.241748 3.052099, -0.746295 0.275931 3.068299, -0.748931 0.464926 3.081170, -0.724306 0.591829 3.115889, -0.804675 0.434795 3.037609, -0.851597 0.297969 2.963226, -0.873141 0.160442 2.889220, -0.899071 0.120382 2.881592, -0.665127 0.451498 3.166078, -0.635204 0.310274 3.162671, -0.604103 0.184996 3.173975, -0.595369 0.140528 3.186730, -0.751704 0.188968 3.015405, -0.908614 0.107891 2.856559, -0.872787 -0.121128 2.822442, -0.834127 -0.139475 2.779222, -0.706808 0.187463 3.069405, -0.619303 -0.108199 3.103006, -0.598468 -0.411183 3.142867, -0.556889 -0.432257 3.102709, 

-0.705447 0.266465 3.028742, -0.717492 0.300026 3.046873, -0.721041 0.485400 3.061864, -0.688107 0.607937 3.103614, -0.761965 0.483455 3.030463, -0.803709 0.346706 2.951704, -0.823733 0.206159 2.880882, -0.837892 0.167501 2.867253, -0.617346 0.504277 3.140795, -0.597391 0.355426 3.144038, -0.560628 0.217075 3.144397, -0.555640 0.160714 3.160030, -0.722335 0.211303 2.988230, -1.022619 0.157854 3.035486, -0.956753 -0.068344 2.979023, -0.922941 -0.078281 2.931973, -0.686814 0.199048 3.050860, -0.613438 -0.099121 3.072534, -0.609670 -0.353111 3.011318, -0.585107 -0.408064 3.012633, 

-0.672134 0.260970 3.009871, -0.684885 0.299242 3.031127, -0.685985 0.506061 3.049943, -0.639461 0.621782 3.091882, -0.739895 0.501538 3.024143, -0.781669 0.367077 2.941236, -0.794880 0.230467 2.864099, -0.774764 0.195830 2.851158, -0.585129 0.529287 3.117611, -0.560564 0.376845 3.125667, -0.530797 0.245825 3.133625, -0.517973 0.203347 3.150060, -0.702969 0.217362 2.973496, -0.994631 0.134585 3.020900, -0.939968 -0.087764 2.986110, -0.904901 -0.093003 2.934436, -0.647417 0.185180 3.030171, -0.589019 -0.125287 3.033047, -0.578550 -0.356801 2.926282, -0.580984 -0.420129 2.947235, 

-0.634712 0.219871 2.988521, -0.645636 0.267314 3.011395, -0.642708 0.519626 3.031096, -0.606917 0.637193 3.063626, -0.709237 0.474878 2.992010, -0.760348 0.340878 2.909427, -0.766228 0.201118 2.829043, -0.726336 0.164356 2.829443, -0.546414 0.535065 3.079243, -0.532827 0.383701 3.109552, -0.506034 0.260395 3.121268, -0.489254 0.222250 3.135810, -0.668665 0.158821 2.952061, -0.987462 0.163706 3.031472, -0.918983 -0.073670 2.981604, -0.876427 -0.086656 2.927117, -0.605670 0.155231 3.010081, -0.573774 -0.167460 2.974886, -0.562139 -0.382586 2.842539, -0.556284 -0.422634 2.829934, 

-0.605664 0.198313 2.971131, -0.616732 0.250489 2.995348, -0.612948 0.523429 3.016054, -0.586488 0.643016 3.047986, -0.673172 0.483030 2.973105, -0.730494 0.352501 2.887989, -0.716836 0.208144 2.811698, -0.720053 0.056896 2.782412, -0.511917 0.536046 3.057059, -0.516275 0.386661 3.097490, -0.470792 0.274022 3.106263, -0.444936 0.241895 3.116760, -0.640225 0.138310 2.932482, -0.967990 0.186637 3.022764, -0.907538 -0.056143 2.977417, -0.870700 -0.071871 2.923421, -0.571096 0.144152 2.991839, -0.563411 -0.189271 2.930148, -0.598215 -0.412955 2.864395, -0.575555 -0.435263 2.810936, 

-0.568585 0.190859 2.948593, -0.576124 0.244203 2.973415, -0.573622 0.525709 2.990526, -0.539024 0.645067 3.024538, -0.644180 0.475680 2.953805, -0.695840 0.340831 2.863655, -0.679342 0.191131 2.792748, -0.682541 0.097576 2.769164, -0.471076 0.548176 3.018505, -0.468922 0.395628 3.059845, -0.422131 0.261120 3.062161, -0.400961 0.220906 3.068404, -0.603072 0.125222 2.909107, -0.903257 0.183522 3.000523, -0.851909 -0.060208 2.953804, -0.825239 -0.078305 2.897224, -0.532781 0.143308 2.971038, -0.530569 -0.197662 2.894072, -0.545257 -0.914994 2.787070, -0.488225 -0.926264 2.746390, 

-0.537884 0.189857 2.929800, -0.545155 0.243513 2.953794, -0.531255 0.524332 2.961131, -0.484445 0.642360 2.991657, -0.619158 0.461688 2.927804, -0.660606 0.321516 2.834027, -0.651381 0.170207 2.760947, -0.655572 0.086434 2.741678, -0.425867 0.541361 3.012894, -0.423681 0.382658 3.041094, -0.379062 0.258596 3.045645, -0.374993 0.221315 3.053757, -0.578923 0.120086 2.892874, -0.865013 0.194141 2.964786, -0.825755 -0.052255 2.923416, -0.799742 -0.073378 2.868459, -0.494073 0.142877 2.950390, -0.476619 -0.200209 2.861151, -0.565904 -0.450504 2.851112, -0.532972 -0.548834 2.805030, 

-0.498168 0.219569 2.911386, -0.505842 0.267088 2.934438, -0.492554 0.518957 2.937614, -0.430822 0.635420 2.966189, -0.571556 0.466552 2.907287, -0.618226 0.325331 2.815528, -0.626519 0.170417 2.744715, -0.626405 0.107092 2.720006, -0.386081 0.542500 2.999662, -0.376130 0.379301 3.017697, -0.337974 0.237601 3.031142, -0.343074 0.202291 3.041180, -0.539035 0.126945 2.860762, -0.829247 0.208367 2.926787, -0.800720 -0.041762 2.891849, -0.774796 -0.064950 2.837752, -0.456993 0.177170 2.945070, -0.424533 -0.162258 2.852052, -0.340443 -0.370673 2.759706, -0.305796 -0.380574 2.704924, 

-0.461249 0.228420 2.887095, -0.470797 0.272727 2.909589, -0.443887 0.506642 2.912967, -0.404801 0.632149 2.951364, -0.522312 0.455149 2.873897, -0.575566 0.312343 2.786232, -0.588837 0.153344 2.721480, -0.606771 0.103644 2.703154, -0.347711 0.528042 2.993478, -0.346146 0.368983 3.004485, -0.313568 0.228450 3.021034, -0.314099 0.188421 3.029664, -0.507878 0.132114 2.841241, -0.798754 0.221265 2.901859, -0.782755 -0.034567 2.874893, -0.751500 -0.058878 2.822494, -0.428533 0.191396 2.919970, -0.379032 -0.153213 2.821658, -0.275985 -0.372234 2.715492, -0.233370 -0.384457 2.659686, 

-0.419433 0.205326 2.858877, -0.430508 0.251809 2.880963, -0.402097 0.495734 2.885520, -0.366939 0.624276 2.927997, -0.477679 0.449576 2.845781, -0.540780 0.306542 2.763664, -0.561693 0.147005 2.700158, -0.584440 0.100710 2.682164, -0.293858 0.518305 2.988226, -0.300759 0.355010 2.970422, -0.282027 0.220007 2.998168, -0.276633 0.176603 3.004034, -0.463902 0.123014 2.815834, -0.754324 0.216748 2.869552, -0.748309 -0.043100 2.847842, -0.713059 -0.069906 2.797015, -0.387391 0.153047 2.888541, -0.333929 -0.197136 2.794190, -0.177849 -0.356398 2.670304, -0.134160 -0.362439 2.612448, 

-0.371499 0.190926 2.828214, -0.382970 0.237965 2.852351, -0.368225 0.490250 2.863877, -0.348566 0.622828 2.911608, -0.444425 0.452035 2.828290, -0.496648 0.306048 2.744806, -0.516257 0.147738 2.674481, -0.526514 0.098618 2.658084, -0.252885 0.511763 2.955060, -0.268327 0.346421 2.937694, -0.245567 0.211699 2.959759, -0.236446 0.166388 2.964992, -0.416523 0.128399 2.787364, -0.724840 0.210825 2.855781, -0.725969 -0.050986 2.836224, -0.692584 -0.078338 2.783540, -0.333124 0.126364 2.853716, -0.282288 -0.225630 2.763546, -0.121117 -0.370177 2.636471, -0.085994 -0.376643 2.577295, 

-0.337296 0.186814 2.805737, -0.350704 0.233769 2.832268, -0.345209 0.488594 2.846398, -0.303600 0.617375 2.890508, -0.392193 0.456054 2.813233, -0.450520 0.308979 2.731362, -0.463725 0.149960 2.657344, -0.465850 0.097345 2.637862, -0.216668 0.513711 2.917313, -0.215975 0.343380 2.897571, -0.212341 0.186920 2.884885, -0.208508 0.133196 2.880500, -0.370961 0.135216 2.759087, -0.677636 0.183370 2.846292, -0.687186 -0.081571 2.826998, -0.657582 -0.110037 2.770572, -0.298009 0.113095 2.831064, -0.241741 -0.241915 2.738863, -0.130127 -0.427155 2.621238, -0.069273 -0.407202 2.552817, 

-0.287071 0.186995 2.783002, -0.299820 0.233774 2.811332, -0.291969 0.490806 2.829124, -0.251145 0.621529 2.871018, -0.365370 0.455678 2.803103, -0.409471 0.307066 2.711362, -0.425784 0.146121 2.639418, -0.426365 0.091253 2.613906, -0.183263 0.499057 2.900955, -0.162558 0.324238 2.890596, -0.185174 0.164015 2.852828, -0.184676 0.105022 2.839993, -0.321981 0.149212 2.734692, -0.419670 -0.173335 2.714720, -0.516468 -0.412011 2.740642, -0.506314 -0.459830 2.688947, -0.247489 0.099960 2.807586, -0.199939 -0.258720 2.716533, -0.088136 -0.453030 2.592545, -0.055346 -0.456816 2.532306, 

-0.241350 0.188468 2.761574, -0.252131 0.235266 2.789925, -0.236931 0.490636 2.805062, -0.219580 0.623882 2.856792, -0.330061 0.449221 2.781128, -0.393897 0.305882 2.699032, -0.398739 0.143799 2.619823, -0.386130 0.117168 2.575304, -0.147343 0.502099 2.880109, -0.112740 0.327149 2.877513, -0.151623 0.155819 2.830229, -0.154610 0.094802 2.815149, -0.282812 0.159860 2.720433, -0.342241 -0.226313 2.680169, -0.463941 -0.472866 2.722215, -0.461305 -0.525629 2.673122, -0.202800 0.094473 2.780671, -0.162045 -0.268696 2.692718, -0.047543 -0.883815 2.492440, 0.023317 -0.877809 2.455903, 

-0.196449 0.194765 2.742133, -0.211904 0.243488 2.770609, -0.191326 0.511676 2.782952, -0.165071 0.645966 2.828466, -0.281728 0.441612 2.752654, -0.347391 0.297699 2.660623, -0.348460 0.134744 2.576556, -0.322716 0.106785 2.555390, -0.102016 0.494820 2.872880, -0.066983 0.317408 2.852747, -0.105853 0.141115 2.799122, -0.110344 0.079363 2.782077, -0.238465 0.170146 2.699309, -0.292444 -0.234131 2.647542, -0.431003 -0.475530 2.703388, -0.430547 -0.537272 2.665917, -0.157124 0.095283 2.764605, -0.135416 -0.273499 2.680067, -0.038248 -0.943972 2.474337, 0.013238 -0.959157 2.445648, 

-0.166363 0.200813 2.726241, -0.183020 0.249521 2.754837, -0.168684 0.518489 2.771120, -0.129795 0.654583 2.814598, -0.235312 0.477877 2.742945, -0.294948 0.327705 2.647183, -0.298397 0.163515 2.560156, -0.286968 0.117380 2.538831, -0.076457 0.491261 2.860484, -0.026860 0.313093 2.837600, -0.031786 0.130340 2.790873, -0.024745 0.078646 2.771291, -0.197204 0.183318 2.678186, -0.244883 -0.222598 2.618379, -0.371002 -0.477772 2.666487, -0.368138 -0.536375 2.626318, -0.129219 0.100120 2.750537, -0.117744 -0.274459 2.670181, -0.063972 -0.961334 2.483839, 0.007115 -0.968268 2.448463, 

-0.125267 0.208630 2.702711, -0.140753 0.260214 2.732309, -0.122161 0.542616 2.753688, -0.089345 0.680550 2.801799, -0.187227 0.510092 2.726460, -0.243290 0.354101 2.630116, -0.248366 0.187083 2.544053, -0.258432 0.125461 2.526237, -0.029605 0.500175 2.839221, 0.013457 0.318931 2.819857, 0.027510 0.132527 2.786847, 0.034805 0.077193 2.775866, -0.165289 0.191048 2.661021, -0.194518 -0.217090 2.572711, -0.284039 -0.524203 2.600763, -0.290032 -0.537720 2.556313, -0.089905 0.113051 2.726366, -0.098560 -0.270637 2.658118, -0.077083 -0.964749 2.489670, -0.008444 -0.973781 2.446946, 

-0.084397 0.219306 2.670782, -0.097828 0.271958 2.703350, -0.072779 0.563166 2.738188, -0.062103 0.700482 2.790506, -0.149228 0.528734 2.708705, -0.208395 0.367122 2.615524, -0.216066 0.196459 2.531970, -0.227653 0.129879 2.510524, 0.007825 0.509176 2.824829, 0.054521 0.329953 2.793581, 0.071112 0.139339 2.778544, 0.075481 0.079616 2.773780, -0.123145 0.201161 2.630289, -0.194771 -0.199417 2.557878, -0.240186 -0.497718 2.551574, -0.217003 -0.536508 2.499040, -0.052275 0.128874 2.689007, -0.078035 -0.261736 2.637126, -0.082190 -0.963075 2.493702, -0.009962 -0.972197 2.453071, 

-0.046347 0.262784 2.656742, -0.056792 0.311382 2.689404, -0.043842 0.579977 2.719021, -0.046632 0.719649 2.772435, -0.118925 0.538598 2.692271, -0.183914 0.377402 2.598201, -0.191751 0.207146 2.509777, -0.201315 0.143966 2.502480, 0.057625 0.570599 2.783927, 0.086012 0.387587 2.766470, 0.099133 0.201905 2.763159, 0.090761 0.139219 2.775278, -0.082360 0.237510 2.614399, -0.175588 -0.155736 2.520664, -0.193228 -0.454401 2.497435, -0.167193 -0.484206 2.436516, -0.014464 0.168891 2.676902, -0.055748 -0.222569 2.622676, -0.080327 -0.452868 2.559578, -0.056902 -0.472212 2.494059, 

-0.007019 0.278874 2.636609, -0.015342 0.325845 2.669928, -0.009872 0.588489 2.693046, -0.000376 0.731179 2.741071, -0.093302 0.537485 2.669510, -0.160457 0.377731 2.569056, -0.173663 0.205663 2.485874, -0.160545 0.102865 2.461067, 0.102272 0.627875 2.747536, 0.120098 0.439736 2.733100, 0.140400 0.247840 2.738376, 0.121639 0.182129 2.757194, -0.038044 0.252921 2.595103, -0.204503 -0.028750 2.562561, -0.182745 -0.345901 2.509562, -0.158438 -0.367534 2.444028, 0.025032 0.173755 2.652965, -0.034376 -0.219832 2.597541, -0.055676 -0.448392 2.525611, -0.033018 -0.465558 2.456136, 

0.025892 0.311342 2.616905, 0.017599 0.352304 2.650515, 0.014769 0.593403 2.671456, 0.056082 0.732999 2.709430, -0.052859 0.533578 2.638829, -0.142663 0.378793 2.553352, -0.146180 0.204281 2.464065, -0.120430 0.123504 2.448254, 0.142050 0.650139 2.711429, 0.142298 0.461740 2.715595, 0.159732 0.268611 2.723480, 0.151433 0.203348 2.735342, -0.013430 0.260794 2.581354, -0.230199 0.055457 2.581814, -0.171234 -0.250871 2.508156, -0.143229 -0.264999 2.436930, 0.056842 0.226452 2.635197, 0.012586 -0.166884 2.552661, -0.095875 -0.362511 2.624815, -0.075456 -0.427739 2.574089, 

0.053721 0.320478 2.592850, 0.050413 0.360659 2.624796, 0.062162 0.596747 2.637741, 0.110896 0.737072 2.680588, -0.010429 0.561211 2.623241, -0.094679 0.402653 2.534461, -0.110803 0.224659 2.450274, -0.084372 0.162552 2.446904, 0.162061 0.654136 2.683235, 0.158648 0.470848 2.697199, 0.182564 0.274321 2.693703, 0.188790 0.218412 2.705158, 0.022196 0.261448 2.552319, -0.223235 0.077269 2.585166, -0.158369 -0.216956 2.509492, -0.130720 -0.230154 2.436173, 0.079532 0.256204 2.612373, 0.062435 -0.134356 2.503958, -0.084268 -0.336968 2.626388, -0.061801 -0.401007 2.575909, 

0.078893 0.323206 2.570574, 0.075924 0.362840 2.603448, 0.100715 0.588520 2.602161, 0.132926 0.734197 2.660711, 0.028561 0.572541 2.600541, -0.044508 0.409737 2.508447, -0.062801 0.230084 2.426513, -0.049152 0.178157 2.430797, 0.204224 0.654697 2.649061, 0.190391 0.474985 2.661653, 0.226226 0.280918 2.647463, 0.236015 0.231318 2.664833, 0.047671 0.258976 2.529744, -0.247269 0.247051 2.634404, -0.185960 -0.046155 2.574703, -0.163268 -0.064097 2.504775, 0.104328 0.269784 2.590930, 0.121357 -0.115486 2.455746, 0.241857 -0.824810 2.225205, 0.314000 -0.810034 2.191214, 

0.129183 0.302382 2.524143, 0.125621 0.343608 2.556808, 0.160202 0.572038 2.553911, 0.188695 0.717287 2.613719, 0.089429 0.543841 2.543542, 0.024149 0.376824 2.452605, 0.017294 0.194791 2.376174, 0.022384 0.138923 2.366258, 0.261538 0.631448 2.601915, 0.252324 0.446689 2.603106, 0.287738 0.256213 2.590955, 0.303325 0.210575 2.607117, 0.095084 0.231204 2.479093, -0.198266 0.289573 2.626789, -0.157999 -0.002472 2.576096, -0.132244 -0.027937 2.508203, 0.153510 0.255495 2.549178, 0.192968 -0.125227 2.402066, 0.320632 -0.462309 2.272019, 0.362573 -0.473598 2.217438, 

0.177946 0.273517 2.483577, 0.173840 0.317089 2.517491, 0.203704 0.558719 2.519809, 0.227048 0.703962 2.578354, 0.123790 0.510115 2.500601, 0.063853 0.343623 2.403489, 0.072405 0.161235 2.328819, 0.048614 0.128921 2.309070, 0.319952 0.616778 2.568637, 0.328541 0.427688 2.566177, 0.353297 0.268284 2.553960, 0.366130 0.222651 2.571021, 0.131104 0.202021 2.447528, -0.156388 0.283523 2.603879, -0.135455 -0.014374 2.565677, -0.115060 -0.040715 2.497661, 0.210368 0.230693 2.501400, 0.257828 -0.149515 2.354504, 0.446520 -0.432827 2.189706, 0.482372 -0.433600 2.126431, 

0.225350 0.263425 2.453515, 0.220195 0.306685 2.487880, 0.245184 0.548461 2.491031, 0.230290 0.695555 2.562957, 0.150279 0.474556 2.461944, 0.103054 0.305914 2.358455, 0.115496 0.123745 2.281068, 0.098758 0.086741 2.265886, 0.359457 0.599179 2.536434, 0.383225 0.406562 2.528363, 0.386166 0.240768 2.509402, 0.398468 0.173419 2.531260, 0.176836 0.184519 2.410429, -0.104005 0.277258 2.572139, -0.098178 -0.024603 2.544928, -0.079632 -0.053445 2.477731, 0.259100 0.214375 2.475738, 0.303309 -0.169899 2.333509, 0.479384 -0.420031 2.174838, 0.509077 -0.422119 2.108209, 

0.270761 0.239657 2.422145, 0.265966 0.286067 2.457241, 0.297338 0.543399 2.465359, 0.277256 0.692808 2.524318, 0.215019 0.510480 2.449810, 0.160969 0.343293 2.348859, 0.160453 0.160940 2.269118, 0.127794 0.124700 2.258036, 0.396021 0.563824 2.505696, 0.437583 0.369958 2.504285, 0.424507 0.192699 2.473657, 0.441487 0.121324 2.501288, 0.225642 0.183312 2.376181, -0.056988 0.282962 2.545126, -0.063428 -0.022818 2.527519, -0.043969 -0.053431 2.461571, 0.301971 0.174477 2.447336, 0.355905 -0.215982 2.299117, 0.475158 -0.479583 2.174300, 0.531755 -0.468508 2.085483, 

0.306831 0.228295 2.393947, 0.307260 0.275840 2.429780, 0.349673 0.544894 2.445422, 0.292495 0.689346 2.510179, 0.265002 0.521680 2.428048, 0.201865 0.355368 2.326644, 0.200814 0.171127 2.244395, 0.159906 0.132368 2.242099, 0.429674 0.551513 2.476198, 0.470179 0.357741 2.485461, 0.470278 0.165504 2.465674, 0.484464 0.090599 2.479055, 0.260326 0.189284 2.347753, -0.011009 0.272095 2.504505, -0.026455 -0.033803 2.497892, -0.011766 -0.067628 2.431026, 0.339811 0.148924 2.415722, 0.397739 -0.244748 2.271202, 0.488942 -0.506644 2.159257, 0.508837 -0.515636 2.087272, 

0.356113 0.213093 2.362183, 0.352071 0.264371 2.400248, 0.378916 0.552085 2.434127, 0.347468 0.704735 2.483257, 0.290670 0.482108 2.386125, 0.233066 0.315011 2.277064, 0.249874 0.140700 2.194155, 0.248635 0.101334 2.195388, 0.461597 0.539147 2.462608, 0.507981 0.341264 2.453527, 0.517165 0.140900 2.424049, 0.534356 -0.013565 2.435858, 0.309660 0.180023 2.312175, 0.043434 0.278300 2.465019, 0.023153 -0.029601 2.463521, 0.043332 -0.064655 2.398535, 0.393066 0.119442 2.382311, 0.431966 -0.282325 2.248704, 0.515349 -0.549506 2.137808, 0.560595 -0.546673 2.051552, 

0.383576 0.190136 2.325575, 0.377954 0.250884 2.374711, 0.418942 0.571784 2.421636, 0.382691 0.723766 2.460958, 0.318909 0.461582 2.351858, 0.254366 0.292486 2.248216, 0.300450 0.120839 2.156941, 0.328743 0.080423 2.159798, 0.499420 0.543633 2.433501, 0.542600 0.343328 2.416585, 0.562832 0.137973 2.392393, 0.559678 0.053875 2.401804, 0.328243 0.176106 2.298156, 0.077444 0.292023 2.433620, 0.061309 -0.017264 2.431918, 0.080267 -0.052198 2.366105, 0.420599 0.098639 2.329947, 0.456871 -0.312478 2.218783, 0.507382 -0.781651 2.087501, 0.577852 -0.791665 2.043458, 

0.403599 0.184474 2.304733, 0.399745 0.248016 2.351245, 0.450199 0.585924 2.402506, 0.450609 0.740548 2.425104, 0.354062 0.457193 2.320974, 0.294818 0.286817 2.212298, 0.336398 0.133379 2.121807, 0.376418 0.096668 2.127738, 0.522108 0.546503 2.416877, 0.570362 0.347708 2.394120, 0.605111 0.144633 2.363698, 0.611863 0.061733 2.365966, 0.357064 0.176258 2.282048, 0.102369 0.282030 2.405585, 0.101692 -0.030696 2.399088, 0.127805 -0.064158 2.335356, 0.436552 0.104040 2.299173, 0.464130 -0.314050 2.208797, 0.508910 -0.850358 2.072875, 0.588263 -0.862542 2.035015, 

0.444647 0.206684 2.282974, 0.438872 0.268113 2.326890, 0.489519 0.602713 2.376449, 0.508397 0.757603 2.398642, 0.402636 0.472742 2.305257, 0.342159 0.305715 2.189075, 0.379128 0.142423 2.091679, 0.436456 0.114963 2.099937, 0.573541 0.555002 2.406911, 0.610853 0.354582 2.376965, 0.637872 0.150979 2.338662, 0.652781 0.076776 2.339367, 0.401525 0.203344 2.272807, 0.125944 0.284431 2.383703, 0.146110 -0.026403 2.367139, 0.177804 -0.057320 2.304516, 0.479707 0.130705 2.268168, 0.482514 -0.290225 2.199043, 0.497778 -0.856345 2.077992, 0.580748 -0.869119 2.044569, 

0.471600 0.214841 2.268728, 0.464828 0.275778 2.311528, 0.522194 0.612176 2.358746, 0.537575 0.766552 2.381556, 0.448407 0.540900 2.312143, 0.396419 0.369846 2.195669, 0.411359 0.198000 2.088790, 0.451152 0.162134 2.097670, 0.610717 0.556419 2.397024, 0.642340 0.355338 2.367398, 0.664969 0.152096 2.325676, 0.686102 0.089277 2.334584, 0.439624 0.210233 2.247663, 0.152229 0.274852 2.359270, 0.199007 -0.035740 2.332550, 0.235629 -0.062884 2.270659, 0.503339 0.143007 2.257179, 0.489012 -0.284562 2.215249, 0.493674 -0.857679 2.080165, 0.577613 -0.871363 2.047774, 

0.518874 0.214969 2.250578, 0.512208 0.276705 2.292000, 0.568197 0.618726 2.335877, 0.588722 0.773378 2.356432, 0.484325 0.572610 2.303956, 0.443286 0.402774 2.180166, 0.459004 0.221870 2.079082, 0.485217 0.166944 2.072267, 0.648803 0.559708 2.387189, 0.683010 0.358942 2.361226, 0.708866 0.156350 2.330945, 0.717396 0.095522 2.333666, 0.479127 0.207200 2.238241, 0.193977 0.296597 2.331431, 0.252123 -0.012170 2.299414, 0.289608 -0.036949 2.237076, 0.552125 0.152659 2.238228, 0.500251 -0.281010 2.213812, 0.538603 -0.520427 2.097939, 0.574792 -0.532454 2.033104, 

0.570648 0.237319 2.236362, 0.562355 0.295924 2.276719, 0.591278 0.624339 2.323247, 0.611613 0.779115 2.341867, 0.505566 0.547916 2.273103, 0.466490 0.379615 2.143718, 0.519103 0.203108 2.064215, 0.538940 0.139182 2.046579, 0.697897 0.579260 2.365992, 0.726815 0.377544 2.348319, 0.752495 0.174935 2.332850, 0.761553 0.113149 2.334304, 0.530715 0.211501 2.211803, 0.246122 0.317742 2.300862, 0.314316 0.012322 2.250289, 0.350817 -0.007667 2.185266, 0.604358 0.169807 2.236333, 0.589970 -0.266210 2.223063, 0.521126 -0.542245 2.099940, 0.556463 -0.600124 2.078794, 

0.603787 0.254576 2.225782, 0.596641 0.311088 2.266580, 0.625642 0.632457 2.306292, 0.649222 0.787647 2.326025, 0.534271 0.540067 2.247323, 0.500168 0.371588 2.116197, 0.554375 0.178154 2.053189, 0.568704 0.108973 2.030934, 0.737799 0.600493 2.331378, 0.772839 0.400596 2.334169, 0.793519 0.196963 2.326494, 0.812226 0.034741 2.328801, 0.561483 0.219592 2.198819, 0.272946 0.331315 2.282507, 0.340880 0.028672 2.218744, 0.366973 0.010024 2.151556, 0.641199 0.188784 2.226755, 0.661149 -0.248723 2.213014, 0.666506 -0.787496 2.112366, 0.742604 -0.799717 2.088417, 

0.634728 0.268925 2.209567, 0.632247 0.325265 2.249244, 0.668494 0.641308 2.283104, 0.670040 0.794704 2.315105, 0.543049 0.507396 2.216638, 0.529372 0.340291 2.076175, 0.587966 0.179156 2.023965, 0.591983 0.112560 2.011312, 0.771125 0.607335 2.307395, 0.810470 0.406264 2.314545, 0.830347 0.200808 2.309195, 0.841918 0.081309 2.315844, 0.583132 0.224213 2.186648, 0.295170 0.344951 2.268159, 0.353406 0.037636 2.205016, 0.378838 0.018944 2.136184, 0.669320 0.197911 2.212428, 0.729841 -0.240091 2.184184, 0.729102 -0.773936 2.087564, 0.672237 -0.793174 2.083658, 

0.673808 0.279495 2.184446, 0.671851 0.333158 2.227600, 0.694884 0.645464 2.267750, 0.716424 0.799969 2.287498, 0.552528 0.492798 2.205581, 0.556217 0.324030 2.055140, 0.613806 0.181885 2.003151, 0.615093 0.120068 1.991808, 0.809250 0.600627 2.280264, 0.851150 0.397052 2.288328, 0.882016 0.190728 2.291986, 0.884615 0.082095 2.306870, 0.621267 0.218599 2.146242, 0.344035 0.351812 2.252721, 0.384861 0.041277 2.188254, 0.405333 0.024087 2.116727, 0.706472 0.201460 2.195958, 0.790463 -0.238786 2.157286, 0.821182 -0.788547 2.059972, 0.802040 -0.803797 1.999580, 

0.697802 0.279864 2.163606, 0.698967 0.333264 2.205874, 0.745217 0.646902 2.243520, 0.807836 0.789912 2.266014, 0.607555 0.491075 2.180498, 0.605228 0.319777 2.033502, 0.659455 0.167982 1.983255, 0.666059 0.108999 1.969630, 0.842883 0.596919 2.262367, 0.889157 0.386299 2.261230, 0.920030 0.178201 2.264574, 0.922747 0.093533 2.274895, 0.642813 0.215533 2.129423, 0.386285 0.375923 2.237411, 0.404334 0.055432 2.180273, 0.421840 0.034312 2.108114, 0.734123 0.214301 2.156772, 0.843259 -0.223076 2.154649, 0.824341 -0.487307 2.097805, 0.837372 -0.509910 2.025495, 

0.716588 0.262249 2.126627, 0.723168 0.320673 2.173329, 0.795366 0.654792 2.214175, 0.871197 0.796901 2.243495, 0.641888 0.486935 2.165776, 0.648061 0.315935 2.018004, 0.689952 0.165775 1.964768, 0.691480 0.109707 1.953774, 0.890109 0.580721 2.230725, 0.928596 0.369761 2.228343, 0.960781 0.160964 2.230964, 0.955901 0.092746 2.247320, 0.659285 0.199975 2.103839, 0.408051 0.374737 2.225747, 0.415130 0.055221 2.174497, 0.429600 0.030811 2.101612, 0.748371 0.208810 2.119905, 0.869805 -0.194935 2.152426, 0.845425 -0.436574 2.117439, 0.844803 -0.378720 2.104099, 

0.736684 0.219426 2.090924, 0.748297 0.262841 2.134781, 0.790557 0.483353 2.156824, 0.842169 0.680254 2.225832, 0.681927 0.460178 2.144570, 0.693472 0.292613 1.994795, 0.744284 0.150660 1.941642, 0.768922 0.108724 1.939128, 0.920489 0.480373 2.150291, 0.977753 0.302295 2.202713, 1.009016 0.128181 2.204889, 1.021224 0.082495 2.210945, 0.680310 0.163902 2.075062, 0.455794 0.363381 2.210911, 0.450136 0.043745 2.168064, 0.446307 0.021541 2.094756, 0.767288 0.170491 2.079978, 0.892753 -0.178293 2.138357, 0.892259 -0.367664 2.131175, 0.861633 -0.296950 2.122212, 

0.759429 0.191569 2.063861, 0.776795 0.224862 2.105061, 0.840866 0.451862 2.122074, 0.913625 0.654184 2.191676, 0.744635 0.446964 2.120331, 0.739919 0.280966 1.972651, 0.800732 0.124091 1.917877, 0.842454 0.092701 1.919300, 0.955447 0.436515 2.090666, 1.021658 0.262358 2.170121, 1.040753 0.115243 2.187665, 1.067381 0.077336 2.185501, 0.714373 0.146379 2.046890, 0.505317 0.346768 2.201279, 0.473311 0.035979 2.164597, 0.461227 0.013593 2.091045, 0.780589 0.152143 2.058837, 0.919271 -0.157176 2.106954, 0.964088 -0.306522 2.164025, 0.925630 -0.222029 2.134066, 

0.796869 0.188084 2.040348, 0.811880 0.217506 2.082058, 0.872105 0.441190 2.105171, 0.956570 0.640225 2.167673, 0.806058 0.443641 2.083243, 0.782219 0.274302 1.945782, 0.849790 0.109268 1.891513, 0.901193 0.084117 1.895088, 0.978096 0.420554 2.061615, 1.061177 0.243550 2.137518, 1.102230 0.114767 2.163049, 1.124446 0.076582 2.159952, 0.751499 0.150726 2.037519, 0.532696 0.344311 2.198180, 0.494650 0.033887 2.164148, 0.483102 0.009970 2.090975, 0.815935 0.150909 2.023005, 0.952945 -0.137665 2.070690, 1.084152 -0.226883 2.180292, 1.035799 -0.182213 2.126624, 

0.816346 0.188210 2.029776, 0.833730 0.217046 2.070873, 0.900039 0.438828 2.091733, 1.001420 0.634419 2.145212, 0.830675 0.441738 2.068449, 0.810709 0.273419 1.929680, 0.893201 0.103414 1.873292, 0.935867 0.080957 1.881991, 1.024957 0.427628 2.042537, 1.110908 0.246684 2.110023, 1.153527 0.119394 2.138869, 1.167654 0.078463 2.138209, 0.768731 0.153450 2.032281, 0.573651 0.355342 2.204191, 0.535135 0.045379 2.169693, 0.522490 0.020622 2.096912, 0.838217 0.149971 2.006921, 0.963400 -0.128941 2.018899, 1.178502 -0.097297 2.126627, 1.095333 -0.071798 2.086391, 

0.857088 0.203951 2.020607, 0.875549 0.233973 2.061028, 0.955581 0.445846 2.074093, 1.035010 0.655050 2.138438, 0.889396 0.462318 2.048673, 0.851018 0.292358 1.918908, 0.907176 0.143774 1.852025, 0.954891 0.117190 1.854113, 1.071012 0.423993 2.022227, 1.075343 0.259166 2.000166, 1.069455 0.124907 1.949235, 1.073322 0.077936 1.929601, 0.807345 0.175898 2.031494, 0.612247 0.366247 2.208326, 0.576229 0.057265 2.171894, 0.568056 0.032782 2.099568, 0.872416 0.156545 1.992074, 0.904331 -0.138579 1.970947, 1.116384 -0.008175 1.923007, 1.110474 0.018217 1.872204, 

0.878517 0.215202 2.017092, 0.899958 0.250825 2.057654, 0.996275 0.481554 2.067202, 1.065520 0.687087 2.137015, 0.918715 0.471791 2.034595, 0.887610 0.303910 1.903955, 0.935709 0.140553 1.841553, 0.979107 0.116666 1.844500, 1.094905 0.428975 2.013832, 1.079671 0.262328 1.945704, 1.046947 0.147816 1.862773, 1.068542 0.100802 1.857503, 0.825921 0.188823 2.032428, 0.663117 0.397517 2.211355, 0.636023 0.091457 2.170385, 0.632960 0.067543 2.098312, 0.893921 0.162623 1.983810, 0.911861 -0.132973 1.945876, 0.980556 -0.292655 1.882714, 0.972311 -0.211750 1.884506, 

0.912031 0.244410 2.015783, 0.938466 0.281390 2.053964, 1.029932 0.517581 2.059192, 1.089101 0.720492 2.132657, 0.941519 0.474360 2.027687, 0.922589 0.311378 1.890440, 0.965476 0.167030 1.820938, 1.010648 0.142141 1.820529, 1.087868 0.493201 2.008065, 1.062130 0.304627 1.920679, 1.030909 0.169481 1.812980, 1.051605 0.121500 1.807329, 0.864489 0.212319 2.048297, 0.695944 0.429400 2.195400, 0.682581 0.129121 2.141755, 0.669236 0.103467 2.073378, 0.917607 0.182731 1.968623, 0.912177 -0.123414 1.955754, 0.980793 -0.278150 1.845375, 0.971648 -0.202644 1.860057, 

0.924345 0.247094 2.012547, 0.950342 0.288246 2.050972, 1.055512 0.556654 2.054650, 1.102583 0.740378 2.127821, 0.991365 0.472962 1.993155, 0.953930 0.306782 1.870753, 0.987889 0.170652 1.811454, 1.030343 0.141314 1.806808, 1.096298 0.532572 1.998027, 1.070048 0.322603 1.890454, 1.024416 0.194026 1.786461, 1.047492 0.146212 1.780589, 0.890789 0.209289 2.016905, 0.746093 0.442465 2.167112, 0.741934 0.140955 2.111465, 0.746821 0.114074 2.040296, 0.930599 0.189209 1.992309, 0.922175 -0.121476 1.944809, 1.133279 -0.085735 1.983961, 1.163115 -0.053821 1.938285, 

0.932402 0.246810 2.010533, 0.959533 0.292894 2.048740, 1.087112 0.604472 2.044526, 1.115170 0.754945 2.118531, 1.009176 0.469615 1.976399, 0.978314 0.299532 1.852892, 1.027193 0.166712 1.837898, 1.051845 0.141404 1.808036, 1.112034 0.579959 1.988168, 1.051512 0.394226 1.868640, 0.985232 0.235295 1.758822, 1.009940 0.187834 1.752647, 0.900258 0.205980 2.004178, 0.782631 0.453790 2.148225, 0.778507 0.151138 2.094983, 0.782134 0.123634 2.024836, 0.941236 0.192698 2.000553, 0.924005 -0.120358 1.958571, 1.106227 -0.149136 1.907397, 1.128546 -0.087178 1.891954, 

0.964360 0.196944 1.989159, 0.990444 0.245833 2.023401, 1.022681 0.507204 2.014218, 1.101366 0.617874 2.002891, 0.946729 0.394888 2.001301, 0.992966 0.299180 1.834835, 1.047612 0.172955 1.851171, 1.071438 0.147697 1.815590, 1.077435 0.533062 1.960563, 0.998618 0.333352 1.833244, 0.949943 0.223025 1.730069, 0.975132 0.176080 1.723760, 0.928889 0.156266 1.976450, 0.829533 0.416859 2.108716, 0.824617 0.114742 2.059895, 0.804696 0.096007 2.000271, 0.989000 0.157341 1.990396, 0.983539 -0.155345 1.949627, 1.089422 -0.321752 1.902217, 1.092149 -0.243040 1.906545, 

0.984583 0.154663 1.975122, 1.010209 0.205347 2.006995, 1.029342 0.499062 2.003433, 1.108192 0.580809 1.952750, 0.948897 0.367548 2.001348, 1.003247 0.298166 1.827197, 1.063596 0.176081 1.862351, 1.088977 0.150972 1.825558, 1.060787 0.498125 1.947854, 0.995965 0.305906 1.834250, 0.939091 0.200973 1.729024, 0.964093 0.154905 1.722475, 0.944665 0.113845 1.964053, 0.855671 0.397210 2.090451, 0.850120 0.095763 2.043567, 0.819516 0.076909 1.986691, 1.020787 0.125440 1.977398, 1.005302 -0.174349 1.950053, 1.077714 -0.402649 1.906830, 1.076560 -0.314551 1.916476, 

1.009686 0.117315 1.960124, 1.033819 0.168618 1.991253, 1.017589 0.454493 1.996204, 1.116495 0.543709 1.963988, 0.951342 0.344805 2.005466, 1.019267 0.298558 1.832358, 1.089312 0.183411 1.898228, 1.119683 0.158644 1.865815, 1.054828 0.466339 1.940922, 1.007363 0.294868 1.896053, 0.956703 0.188296 1.801975, 0.980687 0.142868 1.795540, 0.972607 0.076258 1.948941, 0.889636 0.368601 2.071023, 0.882436 0.068650 2.026023, 0.840954 0.049514 1.972406, 1.043957 0.105398 1.966344, 1.014927 -0.187143 1.956311, 1.063926 -0.448544 1.918603, 1.063090 -0.355105 1.927253, 

1.197755 0.196267 2.648371, 1.234074 0.250430 2.689137, 1.378904 0.579838 2.733222, 1.457662 0.666560 2.752688, 1.210571 0.381937 2.621370, 1.307327 0.266647 2.514452, 1.203771 0.170469 2.610649, 1.197366 0.131632 2.633912, 1.381604 0.510257 2.628609, 1.359444 0.352182 2.538894, 1.331814 0.191119 2.465999, 1.322604 0.137431 2.444451, 1.138299 0.122985 2.652214, 1.247556 -0.058489 2.645185, 1.260897 -0.255475 2.629289, 1.246127 -0.255166 2.582057, 1.215263 0.180729 2.622968, 1.216909 -0.094187 2.695669, 1.271997 -0.252611 2.575315, 1.238430 -0.269801 2.607359, 

1.179285 0.186362 2.748240, 1.210184 0.250903 2.759148, 1.388035 0.547261 2.726326, 1.464736 0.642484 2.749094, 1.228436 0.374140 2.630808, 1.293050 0.239524 2.570735, 1.188818 0.142673 2.682165, 1.181377 0.102239 2.691170, 1.411721 0.517128 2.648616, 1.384629 0.351600 2.560073, 1.351774 0.211443 2.501120, 1.340823 0.164724 2.484325, 1.109415 0.105873 2.773459, 1.280420 -0.061053 2.680730, 1.297738 -0.253505 2.637419, 1.257615 -0.243418 2.616567, 1.191271 0.172676 2.739141, 1.193818 0.053855 2.536292, 1.264039 -0.190333 2.585584, 1.271358 -0.225851 2.573825, 

1.223392 0.152212 2.748836, 1.263796 0.209524 2.765226, 1.410800 0.516672 2.735324, 1.490199 0.619863 2.762049, 1.260922 0.358713 2.648688, 1.268095 0.188485 2.611702, 1.186599 0.107668 2.747434, 1.179684 0.066484 2.741050, 1.373979 0.471449 2.649338, 1.347832 0.304988 2.562844, 1.389724 0.208852 2.516984, 1.417773 0.174644 2.508857, 1.192533 0.087006 2.724941, 1.261330 0.172623 2.469881, 1.331328 -0.112908 2.543716, 1.304155 -0.156377 2.533777, 1.224405 0.142320 2.762398, 1.283941 0.067378 2.449228, 1.376934 -0.026176 2.268695, 1.363297 -0.022215 2.205705, 

1.267821 0.133920 2.774764, 1.305287 0.196022 2.799034, 1.459345 0.520997 2.780115, 1.534050 0.649078 2.813838, 1.306544 0.352178 2.678060, 1.270031 0.137848 2.658475, 1.305681 -0.017329 2.726760, 1.309339 -0.080393 2.721661, 1.380245 0.468442 2.670231, 1.347130 0.286167 2.577508, 1.486086 0.237920 2.570570, 1.540792 0.223979 2.570427, 1.225652 0.069202 2.736211, 1.475052 0.185871 2.519863, 1.413278 -0.019644 2.586292, 1.374916 -0.072373 2.565085, 1.264514 0.117724 2.811083, 1.346656 0.084581 2.388388, 1.404176 0.022159 2.180626, 1.405713 0.027035 2.095226, 

1.315021 0.150509 2.808870, 1.346318 0.209617 2.833142, 1.499141 0.508938 2.808920, 1.568212 0.650165 2.848549, 1.339426 0.345943 2.697487, 1.288860 0.109509 2.696360, 1.323020 -0.047926 2.742114, 1.348394 -0.103689 2.759337, 1.390100 0.455325 2.686697, 1.355971 0.261615 2.591022, 1.544366 0.235309 2.597431, 1.614115 0.230231 2.601805, 1.278164 0.088427 2.758208, 1.387830 0.383413 2.599669, 1.403479 -0.010566 2.724046, 1.397216 -0.088064 2.696623, 1.306053 0.131735 2.857567, 1.401452 0.058362 2.433802, 1.455050 -0.025919 2.194573, 1.468037 -0.037174 2.119564, 

1.381970 0.240781 2.814071, 1.409190 0.262430 2.843909, 1.466265 0.467734 2.867765, 1.542267 0.527589 2.816620, 1.365270 0.318905 2.739697, 1.316950 0.081236 2.740204, 1.347121 -0.082113 2.724579, 1.380272 -0.130919 2.754321, 1.399701 0.332774 2.669551, 1.363708 0.148678 2.576759, 1.555876 0.117941 2.572388, 1.611530 0.099307 2.567076, 1.352098 0.174071 2.700285, 1.337025 0.075693 2.857315, 1.437340 -0.036931 2.793241, 1.441851 -0.126947 2.771124, 1.370813 0.171815 2.876696, 1.475855 0.163593 2.435867, 1.530998 0.172813 2.158009, 1.504964 0.204266 2.104230, 


468037 -0.037174 2.119564, 


713 0.027035 2.095226, 


297 -0.022215 2.205705, 


1358 -0.225851 2.573825, 


430 -0.269801 2.607359, 


090 -0.355105 1.927253, 


6560 -0.314551 1.916476, 


2149 -0.243040 1.906545, 


28546 -0.087178 1.891954, 


63115 -0.053821 1.938285, 


71648 -0.202644 1.860057, 


72311 -0.211750 1.884506, 


110474 0.018217 1.872204, 


.095333 -0.071798 2.086391, 


035799 -0.182213 2.126624, 


5630 -0.222029 2.134066, 


1633 -0.296950 2.122212, 


4803 -0.378720 2.104099, 


7372 -0.509910 2.025495, 


040 -0.803797 1.999580, 


37 -0.793174 2.083658, 


4 -0.799717 2.088417, 


-0.600124 2.078794, 


.532454 2.033104, 


63 2.047774, 


.044569, 


5015, 


3458, 


552, 


2, 


, 







46988, 


, 













, 


9, 


8, 


6, 


2, 










, 


69, 


 


27, 


72, 


0, 


 


 





5, 


5, 


3, 


6, 


6, 


2, 


 3.261467, 


2, 


37 -1.002647 3.271683, 


, 


.046458 3.263582, 





-1.059582 3.252226, 



-1.051388 3.264923, 


 3.312245, 


, 


